row_id,y_true,y_pred,proba__Bot,proba__Brute Force,proba__DoS/DDoS,proba__Normal,proba__Web Attack
0,Normal,Normal,0.0,0.0,0.004702495394710372,0.9952975046052897,0.0
1,Brute Force,Brute Force,0.0,0.8976481260104763,0.01472678649377297,0.054834690977757006,0.03279039651799363
2,Normal,Normal,0.0,0.008319705811495413,6.052032134135671e-05,0.9839367083760922,0.00768306549107116
3,Brute Force,Brute Force,0.0,1.0,0.0,0.0,0.0
4,Web Attack,Web Attack,0.0,0.0242431420715529,1.0267156360947444e-05,0.0015820868293143216,0.9741645039427719
5,DoS/DDoS,DoS/DDoS,0.0,0.0,1.0,0.0,0.0
6,DoS/DDoS,DoS/DDoS,0.0,0.0,1.0,0.0,0.0
7,Normal,Normal,7.651098704642923e-05,0.01544297668226845,0.0020001139389192834,0.9181874226103102,0.06429297578145572
8,Normal,Normal,0.0,0.001269250008965737,0.0,0.9987307499910343,0.0
9,Bot,Bot,0.9998411838953389,0.0,0.0,0.00015881610466105873,0.0
10,DoS/DDoS,DoS/DDoS,0.0,0.0,1.0,0.0,0.0
11,Web Attack,Web Attack,0.0,0.013013691936192319,9.470249217557025e-06,0.00108936635999331,0.9858874714545969
12,Brute Force,Brute Force,0.0,0.9994722321555309,0.0,0.0005277678444689936,0.0
13,Bot,Bot,1.0,0.0,0.0,0.0,0.0
14,DoS/DDoS,DoS/DDoS,0.0,0.0,1.0,0.0,0.0
15,Bot,Bot,1.0,0.0,0.0,0.0,0.0
16,Bot,Bot,0.9790597323003989,0.0,0.00028852214941160964,0.02065174555018933,0.0
17,DoS/DDoS,DoS/DDoS,0.0,0.0,1.0,0.0,0.0
18,Bot,Bot,0.9998411838953389,0.0,0.0,0.00015881610466105873,0.0
19,Web Attack,Web Attack,0.0,0.016022762219985734,9.658628067185014e-06,0.0014250761271900319,0.9825425030247571
20,DoS/DDoS,DoS/DDoS,0.0,0.0,1.0,0.0,0.0
21,Web Attack,Web Attack,0.0,0.0022562890311086893,0.0006644639338450799,0.03517703959251709,0.9619022074425292
22,DoS/DDoS,DoS/DDoS,0.0,0.0,0.9995776208985523,4.209979494192449e-05,0.0003802793065057865
23,Brute Force,Brute Force,0.0,1.0,0.0,0.0,0.0
24,DoS/DDoS,DoS/DDoS,0.0,0.0,1.0,0.0,0.0
25,Bot,Bot,1.0,0.0,0.0,0.0,0.0
26,Brute Force,Brute Force,0.0,1.0,0.0,0.0,0.0
27,Bot,Bot,0.9768905281473284,0.0,0.00029444473837689374,0.02281502711429466,0.0
28,Brute Force,Brute Force,0.0,1.0,0.0,0.0,0.0
29,Normal,Normal,0.0,0.0,0.0,1.0,0.0
30,Bot,Bot,0.9998411838953389,0.0,0.0,0.00015881610466105873,0.0
31,Web Attack,Web Attack,0.0,0.02515973103201711,0.0005411274492648889,0.0012775830691203497,0.9730215584495977
32,Web Attack,Web Attack,0.0,0.0341154632602552,1.1077233719242218e-05,0.001147971504218013,0.9647254880018076
33,Brute Force,Brute Force,0.0,1.0,0.0,0.0,0.0
34,Normal,Normal,0.0039607503009323,0.003122603438779591,0.018286109747802128,0.970346638152138,0.004283898360348025
35,Web Attack,Web Attack,0.0,0.015049641609578548,9.536417304646779e-06,0.0010969777001518198,0.983843844272965
36,DoS/DDoS,DoS/DDoS,0.0,0.0,1.0,0.0,0.0
37,Brute Force,Brute Force,0.0,1.0,0.0,0.0,0.0
38,Bot,Bot,0.9692856319491452,0.0,0.0003043572467586316,0.03041001080409629,0.0
39,Web Attack,Web Attack,0.0,0.016926428437106792,9.591828676661787e-06,0.0011033516912947682,0.9819606280429218
40,Web Attack,Web Attack,0.0,0.02005572931738424,9.7812450248476e-06,0.0015072117716029045,0.978427277665988
41,Brute Force,Web Attack,0.0,0.11588816206080939,1.6883734623135727e-05,0.010322294744572854,0.8737726594599946
42,Web Attack,Web Attack,0.0,0.013111588813915047,9.47586334255466e-06,0.0010900121549214817,0.985788923167821
43,Brute Force,Brute Force,0.0,1.0,0.0,0.0,0.0
44,DoS/DDoS,DoS/DDoS,0.0,0.0,0.995147128410934,0.00041374983086636533,0.004439121758199694
45,Bot,Bot,0.9231757554448993,0.0,0.0004795738646539903,0.07634467069044676,0.0
46,Bot,Bot,0.9998411838953389,0.0,0.0,0.00015881610466105873,0.0
47,DoS/DDoS,DoS/DDoS,0.0,0.0,1.0,0.0,0.0
48,Brute Force,Brute Force,0.0,0.9994722321555309,0.0,0.0005277678444689936,0.0
49,Web Attack,Web Attack,0.0,0.11588816206080939,1.6883734623135727e-05,0.010322294744572854,0.8737726594599946
50,Normal,Normal,0.013683598401837478,0.0038300177946477415,0.013230329420068862,0.9634147102079531,0.00584134417549289
51,Web Attack,Web Attack,0.0,0.029766079699171846,1.0758683272866239e-05,0.0033392819605026366,0.9668838796570527
52,Normal,Normal,0.0,0.0,0.0,1.0,0.0
53,Brute Force,Brute Force,0.0,0.9993270727614696,0.0,0.0006729272385303715,0.0
54,DoS/DDoS,DoS/DDoS,0.0,0.0,0.9900676346340389,0.009932365365961131,0.0
55,Brute Force,Brute Force,0.0,1.0,0.0,0.0,0.0
56,DoS/DDoS,DoS/DDoS,0.0,0.005872957921216139,0.9845735447927644,0.00853803046227641,0.0010154668237430337
57,Brute Force,Brute Force,0.0,1.0,0.0,0.0,0.0
58,Brute Force,Brute Force,0.0,1.0,0.0,0.0,0.0
59,Brute Force,Brute Force,0.0,0.995552903826326,0.0,0.004054607180957081,0.00039248899271693993
60,Web Attack,Web Attack,0.0,0.013013691936192319,9.470249217557025e-06,0.00108936635999331,0.9858874714545969
61,Web Attack,Web Attack,0.0,0.018737921082939795,9.883698246209592e-06,0.0013314356428834938,0.9799207595759305
62,DoS/DDoS,DoS/DDoS,0.0,0.0,1.0,0.0,0.0
63,Brute Force,Web Attack,0.0,0.07677048116585726,1.6893771994300147e-05,0.01709712273461018,0.9061155023275382
64,DoS/DDoS,DoS/DDoS,0.0,0.0,1.0,0.0,0.0
65,DoS/DDoS,DoS/DDoS,0.0,0.0,1.0,0.0,0.0
66,Web Attack,Web Attack,0.0,0.05804558421702451,0.009396435038479482,0.02047344212763281,0.9120845386168632
67,Normal,Normal,0.0,0.0029347664290048313,0.002710386492454478,0.9943548470785407,0.0
68,Bot,Bot,0.9999667065105271,0.0,0.0,3.329348947286678e-05,0.0
69,Bot,Bot,0.9704217748657425,0.0,8.969983026249979e-05,0.02948852530399501,0.0
70,Normal,Normal,0.0,0.0,0.0,1.0,0.0
71,Normal,Normal,0.0,0.0004337743276480518,5.5134187802786544e-05,0.9990260207282758,0.0004850707562733889
72,Normal,Normal,0.0,0.002869639095576029,0.0004356879037022026,0.9966593658264711,3.530717425070746e-05
73,Bot,Bot,0.9999333623933876,0.0,0.0,6.663760661241729e-05,0.0
74,Web Attack,Web Attack,0.0,0.00201126860500838,0.0005923068502647862,0.014637773159205829,0.982758651385521
75,DoS/DDoS,DoS/DDoS,0.0,2.4636210663463496e-05,0.9897400747312693,0.009631321119281238,0.0006039679387859976
76,Bot,Bot,0.9998411838953389,0.0,0.0,0.00015881610466105873,0.0
77,Normal,Normal,0.003983817604561782,0.00016454219374004365,0.021744597520398867,0.9741070426812993,0.0
78,Brute Force,Brute Force,0.0,1.0,0.0,0.0,0.0
79,Brute Force,Brute Force,0.0,1.0,0.0,0.0,0.0
80,Bot,Bot,0.9998411838953389,0.0,0.0,0.00015881610466105873,0.0
81,Brute Force,Brute Force,0.0,0.9996039662684558,0.0,0.0003960337315442066,0.0
82,DoS/DDoS,DoS/DDoS,0.0,0.0,0.998613760249938,0.0013862397500620373,0.0
83,Normal,Normal,0.00048068319910064464,0.006135929526784129,0.007947777146316271,0.9726612579121219,0.012774352215677
84,Web Attack,Web Attack,0.0,0.021110623791046213,1.0045291511718337e-05,0.004138933216508491,0.9747403977009337
85,Brute Force,Brute Force,0.0,1.0,0.0,0.0,0.0
86,Bot,Bot,1.0,0.0,0.0,0.0,0.0
87,Bot,Bot,0.9783171240800708,0.0,0.0002922852924959178,0.021390590627433342,0.0
88,DoS/DDoS,DoS/DDoS,0.0,0.0,1.0,0.0,0.0
89,Web Attack,Web Attack,0.0,0.10042646917214178,0.0005105447193456755,0.002248184766203803,0.8968148013423087
90,Bot,Bot,0.9998411838953389,0.0,0.0,0.00015881610466105873,0.0
91,Web Attack,Web Attack,0.0,7.252087214178131e-05,0.0024115939113386756,0.005036364556796627,0.9924795206597229
92,Brute Force,Brute Force,0.0,1.0,0.0,0.0,0.0
93,Bot,Bot,0.9794694741357329,0.0,0.00029049519449830043,0.02024003066976872,0.0
94,Brute Force,Brute Force,0.0,0.9996039662684558,0.0,0.0003960337315442066,0.0
95,DoS/DDoS,DoS/DDoS,0.0,0.0,1.0,0.0,0.0
96,Brute Force,Web Attack,0.0,0.018487134642141072,9.707641922559742e-06,0.0014958701211368393,0.9800072875947995
97,Bot,Bot,0.9998411838953389,0.0,0.0,0.00015881610466105873,0.0
98,Bot,Bot,1.0,0.0,0.0,0.0,0.0
99,Web Attack,Web Attack,0.0,0.015845857442595687,9.708798034840961e-06,0.004027703094701982,0.9801167306646675
100,DoS/DDoS,DoS/DDoS,0.0,0.0,1.0,0.0,0.0
101,Bot,Bot,0.9998411838953389,0.0,0.0,0.00015881610466105873,0.0
102,DoS/DDoS,DoS/DDoS,0.0,0.0,1.0,0.0,0.0
103,Normal,Web Attack,0.0,0.06518244567939518,0.007455022287435888,0.0529153372909666,0.8744471947422022
104,Bot,Bot,0.967256007364421,0.0,9.198386837004042e-05,0.03265200876720896,0.0
105,Brute Force,Brute Force,0.0,1.0,0.0,0.0,0.0
106,Brute Force,Brute Force,0.0,1.0,0.0,0.0,0.0
107,DoS/DDoS,DoS/DDoS,0.0,0.0,0.9974997135826245,0.0025002864173755517,0.0
108,Web Attack,Web Attack,0.0,0.017153460663932186,9.726256393170117e-06,0.001498738462452781,0.9813380746172219
109,Normal,Normal,0.0,0.0,0.0,1.0,0.0
110,DoS/DDoS,DoS/DDoS,0.0,0.0,1.0,0.0,0.0
111,DoS/DDoS,DoS/DDoS,0.0,0.0,1.0,0.0,0.0
112,Web Attack,Web Attack,0.0,0.013111588813915047,9.47586334255466e-06,0.0010900121549214817,0.985788923167821
113,Web Attack,Web Attack,0.0,0.021383774464838703,9.941453287793362e-06,0.004056908513845121,0.9745493755680285
114,Normal,Normal,0.0,0.0,0.0,1.0,0.0
115,Brute Force,Brute Force,0.0,0.9993270727614696,0.0,0.0006729272385303715,0.0
116,Web Attack,Web Attack,0.0,0.08329006746604564,1.662616640543249e-05,0.0019050117076515622,0.9147882946598973
117,Bot,Bot,0.8959231907655953,0.0,0.00018115970174471035,0.10389564953265996,0.0
118,DoS/DDoS,DoS/DDoS,0.0,0.0,1.0,0.0,0.0
119,Brute Force,Brute Force,0.0,0.9996039662684558,0.0,0.0003960337315442066,0.0
120,DoS/DDoS,DoS/DDoS,0.0,0.0,1.0,0.0,0.0
121,Bot,Bot,0.9998411838953389,0.0,0.0,0.00015881610466105873,0.0
122,Brute Force,Brute Force,0.0,1.0,0.0,0.0,0.0
123,Web Attack,Web Attack,0.0,0.013111588813915047,9.47586334255466e-06,0.0010900121549214817,0.985788923167821
124,Bot,Bot,0.9998411838953389,0.0,0.0,0.00015881610466105873,0.0
125,Normal,Normal,0.016159962231033748,0.004631640176759278,0.014017638887800854,0.958976243371356,0.006214515333050159
126,Normal,Normal,0.0,0.0,0.0,1.0,0.0
127,Brute Force,Brute Force,0.0,1.0,0.0,0.0,0.0
128,Brute Force,Brute Force,0.0,1.0,0.0,0.0,0.0
129,DoS/DDoS,DoS/DDoS,0.0,0.0,1.0,0.0,0.0
130,Normal,Normal,0.0,0.0,0.0,1.0,0.0
131,Normal,Normal,0.003105344493154414,0.01086436351011409,0.0031103936580585715,0.9723955071156467,0.010524391223026201
132,Normal,Normal,0.0,0.0,0.0,1.0,0.0
133,Web Attack,Web Attack,0.0,0.020397297134946615,9.945303726944881e-06,0.0013397345337242165,0.9782530230276021
134,Bot,Bot,0.9783171240800708,0.0,0.0002922852924959178,0.021390590627433342,0.0
135,Normal,Normal,0.0,0.0004362002313975805,0.004614663100725584,0.992278324377168,0.0026708122907088457
136,Brute Force,Brute Force,0.0,0.9994263141936884,0.0,0.0005736858063115767,0.0
137,Brute Force,Brute Force,0.0,0.9997157452559274,0.0,0.0002737355389152841,1.0519205157242852e-05
138,Web Attack,Web Attack,0.0,0.026855066305116512,0.0033690809285339333,0.00457771112051343,0.9651981416458362
139,Web Attack,Web Attack,0.0,0.1020118186389469,2.0577855189219817e-05,0.003289360542918212,0.8946782429629455
140,Normal,Normal,0.0,0.0,0.0,1.0,0.0
141,DoS/DDoS,DoS/DDoS,0.0,5.9784422623069274e-05,0.9851110130583887,0.011575504747610514,0.003253697771377712
142,Bot,Bot,0.9761016208188664,0.0,0.00029306329432012733,0.02360531588681352,0.0
143,Web Attack,Web Attack,0.0,0.043916225716246926,1.1570554486662971e-05,0.0017285946331533897,0.954343609096113
144,DoS/DDoS,DoS/DDoS,0.0,0.0,0.9932613879481953,0.004111703400852892,0.002626908650951818
145,Web Attack,Web Attack,0.0,0.01606289519388121,9.668500134159742e-06,0.00148983868402549,0.982437597621959
146,DoS/DDoS,DoS/DDoS,0.0,0.0,1.0,0.0,0.0
147,DoS/DDoS,DoS/DDoS,0.0,0.0,1.0,0.0,0.0
148,Bot,Bot,0.9798417091139663,0.0,0.0002899216153098569,0.019868369270723885,0.0
149,Brute Force,Web Attack,0.0,0.029672191571637575,1.1365587900536428e-05,0.008635425948775687,0.9616810168916863
150,Brute Force,Brute Force,0.0,1.0,0.0,0.0,0.0
151,Web Attack,Web Attack,0.0,0.02376961002066375,1.0601103070045612e-05,0.001219448907629548,0.9750003399686367
152,Web Attack,Web Attack,0.0,0.013111588813915047,9.47586334255466e-06,0.0010900121549214817,0.985788923167821
153,Normal,Normal,0.0,0.0025104509632223825,0.0004681911350481946,0.9970213579017295,0.0
154,DoS/DDoS,DoS/DDoS,0.0,0.0,1.0,0.0,0.0
155,Bot,Bot,0.9784667622163498,0.0,0.0002920445146653786,0.021241193268984777,0.0
156,Normal,Normal,0.0,0.0,0.0,1.0,0.0
157,DoS/DDoS,DoS/DDoS,0.0,0.0,1.0,0.0,0.0
158,Brute Force,Brute Force,0.0,1.0,0.0,0.0,0.0
159,Web Attack,Web Attack,0.0,0.034041273644873554,0.00061346455324175,0.0014483684532947845,0.96389689334859
160,DoS/DDoS,DoS/DDoS,0.0,0.0,1.0,0.0,0.0
161,Bot,Bot,1.0,0.0,0.0,0.0,0.0
162,Brute Force,Brute Force,0.0,0.9996039662684558,0.0,0.0003960337315442066,0.0
163,Brute Force,Brute Force,0.0,1.0,0.0,0.0,0.0
164,Web Attack,Web Attack,0.0,0.045196829959872904,1.2617165503413037e-05,0.0021144296500098672,0.9526761232246137
165,Web Attack,Web Attack,0.0,0.018322701986944544,0.0002801612433152873,0.00209229526543574,0.9793048415043044
166,Web Attack,Web Attack,0.0,0.018600332971427894,9.68737608500234e-06,0.0013049890318672683,0.9800849906206199
167,Bot,Bot,0.9798417091139663,0.0,0.0002899216153098569,0.019868369270723885,0.0
168,Normal,Normal,0.0,0.0,0.0,1.0,0.0
169,DoS/DDoS,DoS/DDoS,0.0,0.0,1.0,0.0,0.0
170,Brute Force,Brute Force,0.0,0.9993270727614696,0.0,0.0006729272385303715,0.0
171,Normal,Normal,0.0015398089454639048,0.0,0.002540247813954162,0.9959199432405819,0.0
172,Bot,Bot,0.9998411838953389,0.0,0.0,0.00015881610466105873,0.0
173,Bot,Bot,0.9725430277312794,0.0,0.0002992105167335691,0.02715776175198703,0.0
174,Normal,Normal,0.0,3.5118551067412044e-05,0.004813949657466821,0.9951509317914657,0.0
175,Bot,Bot,1.0,0.0,0.0,0.0,0.0
176,DoS/DDoS,DoS/DDoS,0.0,0.0,1.0,0.0,0.0
177,Brute Force,Brute Force,0.0,1.0,0.0,0.0,0.0
178,Brute Force,Brute Force,0.0,0.9996039662684558,0.0,0.0003960337315442066,0.0
179,Bot,Bot,0.9998411838953389,0.0,0.0,0.00015881610466105873,0.0
180,Bot,Bot,0.9783171240800708,0.0,0.0002922852924959178,0.021390590627433342,0.0
181,Web Attack,Web Attack,0.0,0.013111588813915047,9.47586334255466e-06,0.0010900121549214817,0.985788923167821
182,DoS/DDoS,DoS/DDoS,0.0,0.0,1.0,0.0,0.0
183,Web Attack,Web Attack,0.0,0.049542528764939094,1.3724977039546478e-05,0.0021939311707273343,0.948249815087294
184,Web Attack,Web Attack,0.0,0.013813447471987659,0.0014556288719614755,0.0016363542129332095,0.9830945694431177
185,Brute Force,Brute Force,0.0,1.0,0.0,0.0,0.0
186,Brute Force,Brute Force,0.0,1.0,0.0,0.0,0.0
187,Bot,Bot,0.9998411838953389,0.0,0.0,0.00015881610466105873,0.0
188,Normal,Normal,0.0,0.0,0.0,1.0,0.0
189,Bot,Bot,1.0,0.0,0.0,0.0,0.0
190,DoS/DDoS,DoS/DDoS,0.0,0.0,1.0,0.0,0.0
191,Normal,Normal,0.0,0.0,0.0,1.0,0.0
192,DoS/DDoS,DoS/DDoS,0.0,0.0,1.0,0.0,0.0
193,Normal,Normal,0.0,4.59385837254677e-05,0.002469266514836422,0.9948426251219263,0.0026421697795118043
194,Web Attack,Web Attack,0.0,0.01606289519388121,9.668500134159742e-06,0.00148983868402549,0.982437597621959
195,DoS/DDoS,DoS/DDoS,0.0,0.0,1.0,0.0,0.0
196,DoS/DDoS,DoS/DDoS,0.0,0.005878128401548379,0.9853426547593059,0.0077552176468809655,0.0010239991922646845
197,Normal,Normal,0.0,0.011708423157202406,0.0,0.9825471596507768,0.005744417192020709
198,Web Attack,Web Attack,0.0,0.0027101374925385317,0.002489716519992495,0.008479731104031916,0.9863204148834371
199,DoS/DDoS,DoS/DDoS,0.0,0.0,1.0,0.0,0.0
200,Brute Force,Brute Force,0.0,1.0,0.0,0.0,0.0
201,DoS/DDoS,DoS/DDoS,0.0,0.0,1.0,0.0,0.0
202,Web Attack,Web Attack,0.0,0.0140292776298615,0.00027103721115672103,0.0018314729046410815,0.9838682122543406
203,Brute Force,Brute Force,0.0,1.0,0.0,0.0,0.0
204,Brute Force,Brute Force,0.0,0.9996039662684558,0.0,0.0003960337315442066,0.0
205,Normal,Normal,0.0,0.0073254487279085035,5.883970933030198e-05,0.9843626964635341,0.008253015099227101
206,Normal,Normal,0.0005594861051841849,0.02958791466296146,0.001126703345758686,0.9687258958860956,0.0
207,Web Attack,Web Attack,0.0,0.01872317940672115,9.714722351761313e-06,0.0014333525226848615,0.9798337533482422
208,DoS/DDoS,DoS/DDoS,0.0,0.0,1.0,0.0,0.0
209,Web Attack,Web Attack,0.0,0.04955516894231913,1.1815861618168505e-05,0.0017433637776612784,0.9486896514184014
210,DoS/DDoS,DoS/DDoS,0.0,0.0,1.0,0.0,0.0
211,Web Attack,Web Attack,0.0,0.05047775709140126,1.191920108809004e-05,0.00183665373297929,0.9476736699745314
212,Normal,Normal,0.0,0.0,0.0,1.0,0.0
213,Web Attack,Web Attack,0.0,0.12502087703416442,1.8826435097664358e-05,0.013903848100223761,0.8610564484305142
214,DoS/DDoS,DoS/DDoS,0.0,0.0,1.0,0.0,0.0
215,DoS/DDoS,DoS/DDoS,0.0,0.0,1.0,0.0,0.0
216,DoS/DDoS,DoS/DDoS,0.0,0.0,1.0,0.0,0.0
217,Bot,Bot,1.0,0.0,0.0,0.0,0.0
218,Bot,Bot,1.0,0.0,0.0,0.0,0.0
219,Normal,Normal,0.0,0.0,0.0,1.0,0.0
220,Web Attack,Normal,0.0,0.0037683545702954,0.016607960727677673,0.9446772956293162,0.03494638907271075
221,Web Attack,Web Attack,0.0,0.027010249983380204,0.0005464165783066941,0.001290070518654434,0.9711532629196586
222,Normal,Normal,0.008325771736924182,0.005857228858483422,0.020316017832758024,0.9596948224324076,0.005806159139426733
223,Bot,Bot,0.9800180189121257,0.0,0.00029244736856446897,0.01968953371930985,0.0
224,DoS/DDoS,DoS/DDoS,0.0,0.0,1.0,0.0,0.0
225,Brute Force,Brute Force,0.0,0.999964472315704,0.0,3.5527684296093796e-05,0.0
226,Bot,Bot,1.0,0.0,0.0,0.0,0.0
227,Brute Force,Brute Force,0.0,1.0,0.0,0.0,0.0
228,Brute Force,Brute Force,0.0,0.9924053504060312,0.0,0.006251155104562777,0.0013434944894061798
229,Brute Force,Brute Force,0.0,0.9964324420284257,0.0,0.0035675579715742415,0.0
230,Normal,Web Attack,0.0,0.01981934044953931,1.5923175234177056e-05,0.05839189739836175,0.9217728389768649
231,Brute Force,Brute Force,0.0,1.0,0.0,0.0,0.0
232,Brute Force,Brute Force,0.0,0.9996039662684558,0.0,0.0003960337315442066,0.0
233,DoS/DDoS,DoS/DDoS,0.0,0.0,1.0,0.0,0.0
234,Web Attack,Web Attack,0.0,0.026425558339954112,1.0338247109428746e-05,0.001593041346115699,0.9719710620668208
235,DoS/DDoS,DoS/DDoS,0.0,0.0,0.9937801545397896,0.0062198454602103315,0.0
236,DoS/DDoS,DoS/DDoS,0.0,0.0025138554096888447,0.8999585820491393,0.060913389784464526,0.03661417275670748
237,Brute Force,Brute Force,0.0,1.0,0.0,0.0,0.0
238,Brute Force,Brute Force,0.0,0.9996039662684558,0.0,0.0003960337315442066,0.0
239,Brute Force,Brute Force,0.0,1.0,0.0,0.0,0.0
240,Brute Force,Brute Force,0.0,0.9996039662684558,0.0,0.0003960337315442066,0.0
241,Brute Force,Brute Force,0.0,1.0,0.0,0.0,0.0
242,Web Attack,Web Attack,0.0,0.07231497891055436,0.007443081003102644,0.0622231475691496,0.8580187925171935
243,Normal,DoS/DDoS,0.0,0.0,0.9318633604724508,0.0681366395275493,0.0
244,Normal,DoS/DDoS,0.0022367634317320842,0.0013980300679582744,0.9640372930928975,0.025811919423303915,0.006515993984108081
245,DoS/DDoS,DoS/DDoS,0.0,0.0,1.0,0.0,0.0
246,Normal,Normal,0.002359222671590139,0.002882550968466005,0.015305517204317142,0.9771568509983058,0.0022958581573207723
247,Web Attack,Web Attack,0.0,0.013111588813915047,9.47586334255466e-06,0.0010900121549214817,0.985788923167821
248,DoS/DDoS,DoS/DDoS,0.0,0.0017000735886213189,0.9855267112326916,0.012773215178687068,0.0
249,Bot,Bot,1.0,0.0,0.0,0.0,0.0
250,Bot,Bot,1.0,0.0,0.0,0.0,0.0
251,DoS/DDoS,DoS/DDoS,0.0,0.0,1.0,0.0,0.0
252,Normal,Normal,0.0,0.0,0.009774545630432608,0.989828768112195,0.0003966862573724864
253,Normal,Normal,0.0,0.009038710081826641,6.436520594471801e-05,0.9819905405316217,0.00890638418060705
254,Web Attack,Web Attack,0.0,0.012609853989409649,9.439925757288064e-06,0.0009991145491913852,0.9863815915356416
255,Brute Force,Brute Force,0.0,0.9840121457000243,0.004856169084748922,0.01108810231169315,4.358290353348143e-05
256,Brute Force,Brute Force,0.0,1.0,0.0,0.0,0.0
257,Brute Force,Brute Force,0.0,1.0,0.0,0.0,0.0
258,Web Attack,Web Attack,0.0,0.0031354812234373436,0.0024981103352110425,0.007767441321047493,0.9865989671203041
259,Bot,Bot,0.9794694741357329,0.0,0.00029049519449830043,0.02024003066976872,0.0
260,Bot,Bot,0.9975525578882094,0.0,0.0,0.0024474421117905844,0.0
261,Normal,Normal,0.0,0.007659558542335447,0.0026172893761490716,0.9892844175877565,0.00043873449375892505
262,DoS/DDoS,DoS/DDoS,0.0,0.0,0.9974997135826245,0.0025002864173755517,0.0
263,Bot,Bot,1.0,0.0,0.0,0.0,0.0
264,Bot,Bot,1.0,0.0,0.0,0.0,0.0
265,Bot,Bot,0.9783171240800708,0.0,0.0002922852924959178,0.021390590627433342,0.0
266,Brute Force,Brute Force,0.0,0.9964204595449127,0.0,0.0035795404550873497,0.0
267,DoS/DDoS,DoS/DDoS,0.0,0.0,1.0,0.0,0.0
268,Web Attack,Web Attack,0.0,0.013247041288955923,0.001426610132821018,0.0018343213575529635,0.9834920272206701
269,Brute Force,Brute Force,0.0,0.9996039662684558,0.0,0.0003960337315442066,0.0
270,DoS/DDoS,DoS/DDoS,0.0,0.0,1.0,0.0,0.0
271,Bot,Bot,1.0,0.0,0.0,0.0,0.0
272,Bot,Bot,0.9757195700538741,0.0,0.00029346371413737206,0.023986966231988493,0.0
273,Web Attack,Web Attack,0.0,0.015049641609578548,9.536417304646779e-06,0.0010969777001518198,0.983843844272965
274,Bot,Bot,0.9757407743176094,0.0,0.000293470623905738,0.023965755058484906,0.0
275,Normal,Normal,0.0,0.0006110569503596596,0.024243231107861214,0.9751457119417791,0.0
276,Normal,Normal,0.0,0.0,0.0,1.0,0.0
277,DoS/DDoS,Normal,0.0,0.0043270608749292425,0.02423825852526352,0.941142696565232,0.030291984034575243
278,DoS/DDoS,DoS/DDoS,0.0,0.0010025932570085511,0.9879017139525645,0.004371357814679707,0.006724334975747179
279,Bot,Bot,1.0,0.0,0.0,0.0,0.0
280,Normal,Normal,0.0,0.0,0.0,1.0,0.0
281,Brute Force,Brute Force,0.0,0.9996039662684558,0.0,0.0003960337315442066,0.0
282,DoS/DDoS,DoS/DDoS,0.0,2.4636210663463496e-05,0.9897400747312693,0.009631321119281238,0.0006039679387859976
283,Brute Force,Brute Force,0.0,0.9997479821518207,0.0,0.0002520178481793066,0.0
284,Web Attack,Web Attack,0.0,0.017422600203887327,9.916848626882248e-06,0.0015852036222146174,0.9809822793252712
285,DoS/DDoS,DoS/DDoS,0.0,0.0,1.0,0.0,0.0
286,Normal,Normal,0.0,0.02676164321060192,0.00396996170792124,0.9683951937309401,0.0008732013505366022
287,DoS/DDoS,DoS/DDoS,0.0,0.0,1.0,0.0,0.0
288,Normal,Normal,0.0,0.005537525483218505,0.0001072785165615329,0.9750236015585191,0.019331594441700812
289,Normal,Normal,0.01081997430834632,0.0,0.0,0.9891800256916536,0.0
290,Brute Force,Brute Force,0.0006629447792550062,0.9497176319749834,9.216053881377693e-05,0.048012010084930785,0.0015152526220171309
291,Normal,Normal,0.0,0.0,0.00512910571418978,0.9948708942858102,0.0
292,Normal,Normal,0.0,0.0,0.0,1.0,0.0
293,Bot,Bot,0.972549943516234,0.0,0.00029567387198819144,0.027154382611777793,0.0
294,Web Attack,Web Attack,0.008148728665522575,0.007851299604821062,0.057473187290706995,0.10005074980450318,0.8264760346344463
295,Brute Force,Brute Force,0.0,1.0,0.0,0.0,0.0
296,Bot,Bot,1.0,0.0,0.0,0.0,0.0
297,Brute Force,Brute Force,0.0,0.9996039662684558,0.0,0.0003960337315442066,0.0
298,Web Attack,Web Attack,0.0,0.05666873238741709,1.3489930120435869e-05,0.0017863212485269954,0.9415314564339355
299,Normal,Normal,0.0,0.0,0.0,1.0,0.0
300,Bot,Bot,0.9998411838953389,0.0,0.0,0.00015881610466105873,0.0
301,Bot,Bot,0.998634178592763,0.0,0.0,0.0013658214072369212,0.0
302,Web Attack,Web Attack,0.0,0.015102082875041072,9.698205058625666e-06,0.0013064478058098532,0.9835817711140904
303,Normal,Normal,0.0,0.0,0.0,1.0,0.0
304,Bot,Bot,0.9998411838953389,0.0,0.0,0.00015881610466105873,0.0
305,Normal,Normal,0.0,0.0,0.0,1.0,0.0
306,DoS/DDoS,DoS/DDoS,0.0,0.0,1.0,0.0,0.0
307,Normal,Normal,0.0,0.0,0.0,1.0,0.0
308,DoS/DDoS,DoS/DDoS,0.0,0.0,1.0,0.0,0.0
309,Normal,Normal,0.0004202387882868143,0.0,0.002641200313172112,0.9969385608985412,0.0
310,DoS/DDoS,DoS/DDoS,0.0,0.0,1.0,0.0,0.0
311,DoS/DDoS,DoS/DDoS,0.0,0.0,1.0,0.0,0.0
312,Web Attack,Web Attack,0.0,0.015049641609578548,9.536417304646779e-06,0.0010969777001518198,0.983843844272965
313,Brute Force,Brute Force,0.0,0.9994722321555309,0.0,0.0005277678444689936,0.0
314,Bot,Bot,1.0,0.0,0.0,0.0,0.0
315,Normal,Normal,0.0028640587774446196,0.04954983162032585,0.003416671264415956,0.9393012609678437,0.004868177369969892
316,DoS/DDoS,DoS/DDoS,0.0,0.0,1.0,0.0,0.0
317,Web Attack,Web Attack,0.0,0.17515939912707337,4.6963658596962866e-05,0.025230158472787246,0.7995634787415423
318,Web Attack,Web Attack,0.0,0.033218123165916144,1.0663159056626552e-05,0.0014364370178109396,0.9653347766572163
319,Web Attack,Web Attack,0.0,0.05666873238741709,1.3489930120435869e-05,0.0017863212485269954,0.9415314564339355
320,DoS/DDoS,DoS/DDoS,0.0006594861086704882,0.0020638169539602333,0.9589874316734465,0.03496768602939174,0.0033215792345311695
321,Bot,Bot,0.9998411838953389,0.0,0.0,0.00015881610466105873,0.0
322,Web Attack,Web Attack,0.0,0.012749144784836276,9.518474772682732e-06,0.0015215237476463184,0.9857198129927447
323,DoS/DDoS,DoS/DDoS,0.0,0.0,1.0,0.0,0.0
324,Web Attack,Web Attack,0.0,0.01571185033378535,9.6336689526964e-06,0.001297754129662862,0.9829807618675991
325,Bot,Bot,1.0,0.0,0.0,0.0,0.0
326,Normal,Normal,0.0,0.0024324926748826733,0.003145321491294916,0.9934270166498079,0.0009951691840144792
327,Bot,Bot,0.998634178592763,0.0,0.0,0.0013658214072369212,0.0
328,Web Attack,Web Attack,0.0,0.03189155428701618,0.005279507116871664,0.033326783527757024,0.9295021550683552
329,Brute Force,Brute Force,0.0,0.9996039662684558,0.0,0.0003960337315442066,0.0
330,DoS/DDoS,DoS/DDoS,0.0,0.0,0.9975673864817365,0.0,0.0024326135182635177
331,Bot,Bot,1.0,0.0,0.0,0.0,0.0
332,Brute Force,Brute Force,0.0,1.0,0.0,0.0,0.0
333,Normal,Normal,0.0,0.0,0.0,1.0,0.0
334,DoS/DDoS,DoS/DDoS,0.0,0.0,1.0,0.0,0.0
335,Normal,Normal,0.0,0.0,0.0,0.9990659856893181,0.0009340143106817658
336,Bot,Bot,0.9754003930235731,0.0,0.0002939536222239538,0.024305653354202962,0.0
337,Bot,Bot,1.0,0.0,0.0,0.0,0.0
338,Normal,Normal,0.027708386083107713,0.0,0.0,0.9722916139168923,0.0
339,Web Attack,Web Attack,0.0,0.049554905414863966,1.2454138390440461e-05,0.0019190833007003603,0.9485135571460452
340,Bot,Bot,0.9638269660639761,0.0,9.158280023360551e-05,0.03608145113579029,0.0
341,Bot,Bot,0.9998411838953389,0.0,0.0,0.00015881610466105873,0.0
342,Bot,Bot,0.9998411838953389,0.0,0.0,0.00015881610466105873,0.0
343,Brute Force,Brute Force,0.0,1.0,0.0,0.0,0.0
344,Bot,Bot,0.9789065656485015,0.0,0.0002913732006545184,0.02080206115084389,0.0
345,Web Attack,Brute Force,0.0,0.9345768567256157,0.0006328108436735346,0.0036150713811674813,0.06117526104954325
346,Web Attack,Web Attack,0.0,0.08533715016213864,0.00045843559789261057,0.002018722138167639,0.9121856921018011
347,Web Attack,Web Attack,0.0,0.012784034485427965,9.543692913387726e-06,0.0010100971859252966,0.9861963246357334
348,Web Attack,Web Attack,0.0,0.0556104475671595,0.0006728468542860731,0.001588567998748812,0.9421281375798055
349,Brute Force,Brute Force,0.0,0.9971701843468674,0.0,0.0028298156531326142,0.0
350,DoS/DDoS,DoS/DDoS,0.0,0.0,0.9926435444290893,0.007318977715835326,3.747785507534349e-05
351,DoS/DDoS,DoS/DDoS,0.0,0.0,0.9975569888264961,0.0024430111735039084,0.0
352,Brute Force,Brute Force,0.0,0.9996039662684558,0.0,0.0003960337315442066,0.0
353,Web Attack,Web Attack,0.0,0.02731495254438742,1.1105084594192175e-05,0.0050765860653475105,0.9675973563056708
354,DoS/DDoS,Normal,0.0,0.009741344237880093,0.010917414923060156,0.9692642962464404,0.010076944592619477
355,Normal,Normal,0.0016339395634763216,0.0,0.0012994970757257245,0.9970665633607979,0.0
356,DoS/DDoS,DoS/DDoS,0.0,0.0,0.9882185056259579,0.007521560143894344,0.004259934230147728
357,Web Attack,Web Attack,0.0,0.03448661948449298,1.1233700446980645e-05,0.0012922168238714395,0.9642099299911885
358,Bot,Bot,0.9991536179912087,0.0,0.0,0.0008463820087913355,0.0
359,Brute Force,Brute Force,0.0,1.0,0.0,0.0,0.0
360,Normal,Normal,0.0,0.0,0.001353363855094274,0.9986466361449057,0.0
361,Normal,Normal,0.0005230894396260127,0.004964935400907948,0.006953597601525517,0.984871800472177,0.00268657708576346
362,Brute Force,Web Attack,0.0,0.01844406277358493,1.044432283502296e-05,0.0017090282118549468,0.979836464691725
363,DoS/DDoS,DoS/DDoS,0.0,0.0,0.9975569888264961,0.0024430111735039084,0.0
364,Normal,Normal,0.0,0.0002636555962868135,0.0026298433173784935,0.9971065010863347,0.0
365,DoS/DDoS,DoS/DDoS,0.0,0.0,1.0,0.0,0.0
366,Normal,Normal,3.4529958040539297e-05,0.002937862518229878,0.0014803630006115585,0.9941404281406683,0.001406816382449822
367,Brute Force,Brute Force,0.0,1.0,0.0,0.0,0.0
368,DoS/DDoS,DoS/DDoS,0.0,0.0,1.0,0.0,0.0
369,Web Attack,Web Attack,0.0,0.04148855526481416,0.008208875628147878,0.01244305652454371,0.9378595125824942
370,DoS/DDoS,DoS/DDoS,0.0,0.0,1.0,0.0,0.0
371,Normal,Normal,0.0,0.001686378608369764,0.00238600993185141,0.9959276114597788,0.0
372,Bot,Bot,1.0,0.0,0.0,0.0,0.0
373,Normal,Normal,0.0,0.0054354184963573285,0.0031056608205956063,0.9914036541308114,5.526655223556924e-05
374,Normal,Normal,0.0,0.0,0.0,1.0,0.0
375,Normal,Normal,0.0,0.0,0.0,1.0,0.0
376,Bot,Bot,0.9783171240800708,0.0,0.0002922852924959178,0.021390590627433342,0.0
377,Normal,Normal,0.0,0.0060406048360798275,0.0,0.9827435638817881,0.011215831282132056
378,Brute Force,Brute Force,0.0,0.9314173790513502,0.0007846427017171032,0.042932334750207884,0.02486564349672486
379,Normal,Normal,0.0,0.0,0.0016014602890383537,0.9983985397109617,0.0
380,Normal,Normal,0.0,0.0,0.0,1.0,0.0
381,Web Attack,Web Attack,0.0,0.07517610405920193,0.006991004385389164,0.05092195522157314,0.8669109363338356
382,Web Attack,Web Attack,0.0,0.044973895060341766,1.212859620552308e-05,0.00268603809845218,0.9523279382450005
383,DoS/DDoS,DoS/DDoS,0.0,0.0,1.0,0.0,0.0
384,Normal,Normal,0.0,0.0,0.0,1.0,0.0
385,Bot,Bot,0.9795107870241176,0.0,0.0002932879114671497,0.020195925064415327,0.0
386,DoS/DDoS,DoS/DDoS,0.0012409263941810828,0.0024661883337460263,0.9663056269267032,0.028702813360332466,0.0012844449850372833
387,Brute Force,Brute Force,0.0,1.0,0.0,0.0,0.0
388,Web Attack,Web Attack,0.0,0.05027144750350861,1.2776602757838805e-05,0.0019450917513192457,0.9477706841424144
389,Bot,Bot,0.9783171240800708,0.0,0.0002922852924959178,0.021390590627433342,0.0
390,Bot,Bot,1.0,0.0,0.0,0.0,0.0
391,Web Attack,Brute Force,0.0,0.9740682940595422,0.00046935146478634153,0.006182513236036961,0.019279841239634506
392,DoS/DDoS,DoS/DDoS,0.0,0.0,1.0,0.0,0.0
393,Bot,Bot,0.9954601537711806,0.0,0.0,0.004539846228819375,0.0
394,Bot,Bot,0.9656880900475837,0.0,0.0001530941130680893,0.03415881583934828,0.0
395,DoS/DDoS,DoS/DDoS,0.0,0.0,1.0,0.0,0.0
396,DoS/DDoS,DoS/DDoS,0.0,0.0,0.9975301016177984,0.0,0.0024698983822015234
397,Web Attack,Web Attack,0.0,0.01571185033378535,9.6336689526964e-06,0.001297754129662862,0.9829807618675991
398,Bot,Bot,0.9789065656485015,0.0,0.0002913732006545184,0.02080206115084389,0.0
399,Bot,Bot,0.9975525578882094,0.0,0.0,0.0024474421117905844,0.0
400,Brute Force,Web Attack,0.0,0.015923389118064908,1.080079917668933e-05,0.009155347635278999,0.9749104624474795
401,Web Attack,Web Attack,0.0,0.012609853989409649,9.439925757288064e-06,0.0009991145491913852,0.9863815915356416
402,Web Attack,Web Attack,0.0,0.034960973933286996,1.1335211658058699e-05,0.0017466656239810054,0.963281025231074
403,Normal,Normal,0.0,0.0,0.0,1.0,0.0
404,Bot,Bot,0.9654128012189268,0.0,0.0013276990541513925,0.03325949972692171,0.0
405,Bot,Bot,0.9998411838953389,0.0,0.0,0.00015881610466105873,0.0
406,DoS/DDoS,DoS/DDoS,0.0,0.0,0.9951160782534648,0.00488392174653519,0.0
407,Normal,Normal,0.0,0.0,0.0,1.0,0.0
408,Web Attack,Web Attack,0.0,0.028280371926671086,0.0002941184601223398,0.0021465419216854797,0.969278967691521
409,DoS/DDoS,DoS/DDoS,0.0,0.0,1.0,0.0,0.0
410,Brute Force,Web Attack,0.0,0.02172219328602586,1.0156064748793225e-05,0.00116825598071254,0.9770993946685128
411,Bot,Bot,0.9772697944113644,0.0,0.0002967434567628744,0.0224334621318727,0.0
412,Brute Force,Brute Force,0.0,1.0,0.0,0.0,0.0
413,Brute Force,Brute Force,0.0,1.0,0.0,0.0,0.0
414,Brute Force,Brute Force,0.0,1.0,0.0,0.0,0.0
415,Normal,Normal,0.0,0.0,0.0,1.0,0.0
416,Web Attack,Web Attack,0.0,0.013016986678553517,0.0002667444641991684,0.0017631800426073435,0.9849530888146399
417,Brute Force,Brute Force,0.0,0.941694911947788,0.0,0.03972046725113039,0.018584620801081572
418,Normal,Normal,0.0,0.006362076408889682,0.0081093573991937,0.9790366594143037,0.0064919067776129016
419,Bot,Bot,0.9998411838953389,0.0,0.0,0.00015881610466105873,0.0
420,Normal,Normal,0.0,0.0,3.28386629844673e-05,0.9999671613370156,0.0
421,Web Attack,Web Attack,0.0,0.02160008359913846,1.0038431767395877e-05,0.0013522798370428305,0.9770375981320514
422,Brute Force,Brute Force,0.0,1.0,0.0,0.0,0.0
423,Normal,Normal,0.0,0.013683076526431446,6.615283623414638e-05,0.9787744079139001,0.007476362723434156
424,Web Attack,Web Attack,0.0,0.026102182325114215,0.0005438147243773785,0.0012839276321072195,0.9720700753184012
425,Bot,Bot,0.9783171240800708,0.0,0.0002922852924959178,0.021390590627433342,0.0
426,Normal,Normal,0.0,0.0,0.0,1.0,0.0
427,Bot,Bot,0.9998411838953389,0.0,0.0,0.00015881610466105873,0.0
428,Brute Force,Brute Force,0.0,1.0,0.0,0.0,0.0
429,Normal,Normal,0.0003764603672493429,0.0,0.0,0.9996235396327506,0.0
430,Brute Force,Brute Force,0.0,1.0,0.0,0.0,0.0
431,Web Attack,Web Attack,0.0,0.040493314415192994,1.102982893507822e-05,0.001268765406519535,0.9582268903493524
432,DoS/DDoS,DoS/DDoS,0.0,0.0,1.0,0.0,0.0
433,DoS/DDoS,DoS/DDoS,0.0,0.0,1.0,0.0,0.0
434,DoS/DDoS,DoS/DDoS,0.0,0.0,1.0,0.0,0.0
435,Normal,Normal,0.0,0.0,0.0,1.0,0.0
436,Web Attack,Web Attack,0.0,0.01571185033378535,9.6336689526964e-06,0.001297754129662862,0.9829807618675991
437,Normal,Normal,0.0,0.0,0.0,1.0,0.0
438,Web Attack,Web Attack,0.0,0.013111588813915047,9.47586334255466e-06,0.0010900121549214817,0.985788923167821
439,Bot,Bot,1.0,0.0,0.0,0.0,0.0
440,Web Attack,Web Attack,0.0,0.012609853989409649,9.439925757288064e-06,0.0009991145491913852,0.9863815915356416
441,Brute Force,Brute Force,0.0,0.9841687420080322,0.0052752928583634845,0.010522567092922697,3.339804068158622e-05
442,Brute Force,Brute Force,0.0,1.0,0.0,0.0,0.0
443,Normal,Normal,0.0,0.0,3.34331722621518e-05,0.9999665668277379,0.0
444,Normal,Normal,0.0,0.0,0.0,1.0,0.0
445,DoS/DDoS,DoS/DDoS,0.0,0.0,1.0,0.0,0.0
446,DoS/DDoS,DoS/DDoS,0.0,0.0,1.0,0.0,0.0
447,Web Attack,Web Attack,0.0,0.016598174831783084,9.56189346898743e-06,0.0010999082330001965,0.9822923550417476
448,Brute Force,Web Attack,0.0,0.06913667813383013,0.0004298868394235179,0.044565512529965996,0.8858679224967803
449,Bot,Bot,0.9798417091139663,0.0,0.0002899216153098569,0.019868369270723885,0.0
450,DoS/DDoS,DoS/DDoS,0.0,0.0,1.0,0.0,0.0
451,Web Attack,Web Attack,0.0,0.0021973898226211835,0.003853882617554385,0.03257231169618261,0.9613764158636419
452,Normal,Normal,0.0,0.0,0.0,1.0,0.0
453,Bot,Bot,0.9165033350003103,0.0,0.0004682520643414244,0.08302841293534821,0.0
454,Web Attack,Web Attack,0.0,0.012609853989409649,9.439925757288064e-06,0.0009991145491913852,0.9863815915356416
455,Normal,Normal,0.0,0.0,0.0,1.0,0.0
456,Bot,Bot,0.979198126776063,0.0,0.0002937772322705196,0.020508095991666517,0.0
457,Brute Force,Brute Force,0.0,1.0,0.0,0.0,0.0
458,Normal,Normal,0.0,0.0,0.0,0.9982312761266205,0.0017687238733793682
459,DoS/DDoS,DoS/DDoS,0.0,0.0,0.9786582794053721,0.02134172059462789,0.0
460,Normal,Normal,0.0,0.0005378598593160723,0.0032356162915955977,0.993936716536939,0.002289807312149297
461,Bot,Bot,0.9800180189121257,0.0,0.00029244736856446897,0.01968953371930985,0.0
462,Brute Force,Web Attack,0.0,0.034644434741491474,1.1348370430040114e-05,0.0011760703261470568,0.9641681465619315
463,Web Attack,Web Attack,0.0,0.024655524146154163,1.0229114621019908e-05,0.001176658935225926,0.9741575878039989
464,Web Attack,Web Attack,0.0,0.08115612639760622,1.5130622260431165e-05,0.002614244929596011,0.9162144980505373
465,Normal,Normal,0.0,0.004154993581220592,0.0036461706856601352,0.9919312516486058,0.0002675840845134684
466,DoS/DDoS,DoS/DDoS,0.0,0.0,1.0,0.0,0.0
467,Bot,Bot,0.9917920710151342,4.443362892795184e-05,1.8748192212941348e-05,0.008144747163724939,0.0
468,Bot,Bot,0.9783171240800708,0.0,0.0002922852924959178,0.021390590627433342,0.0
469,Web Attack,Web Attack,0.0,0.0023967049429916448,0.0,0.0009310338147075568,0.9966722612423008
470,Bot,Bot,0.998634178592763,0.0,0.0,0.0013658214072369212,0.0
471,Brute Force,Brute Force,0.0,1.0,0.0,0.0,0.0
472,Normal,Normal,0.045100121109987984,4.0203689972453664e-05,0.02565177210825644,0.9290250228880818,0.00018288020370136636
473,DoS/DDoS,DoS/DDoS,0.0,4.899637119233474e-05,0.9850355814010257,0.012206882108443744,0.0027085401193382317
474,Web Attack,Web Attack,0.0,0.1000353082368924,0.000628026419691498,0.0063075168136922325,0.8930291485297238
475,Brute Force,Brute Force,0.0,1.0,0.0,0.0,0.0
476,Brute Force,Brute Force,0.0,0.9996039662684558,0.0,0.0003960337315442066,0.0
477,Bot,Bot,1.0,0.0,0.0,0.0,0.0
478,Web Attack,Web Attack,0.0,0.04363081629182109,0.005643374131642997,0.06112968645168547,0.8895961231248504
479,Brute Force,Brute Force,0.0,1.0,0.0,0.0,0.0
480,Normal,Normal,0.04494062660342766,0.0,2.3199245585824943e-06,0.9550570534720138,0.0
481,Web Attack,Web Attack,0.0,0.014897219149808282,9.591017062425949e-06,0.001292008482079559,0.9838011813510498
482,Brute Force,Brute Force,0.0,1.0,0.0,0.0,0.0
483,DoS/DDoS,DoS/DDoS,0.0,0.0,0.9929861547354849,0.006977344045234222,3.6501219280851874e-05
484,Bot,Bot,0.981788920266686,0.0,0.00028687894147691733,0.017924200791837142,0.0
485,Normal,Normal,0.0006046527667679067,0.0032800677586995786,0.0,0.9883761586267252,0.0077391208478071695
486,Normal,Normal,0.0,0.0,0.002728687710642106,0.997271312289358,0.0
487,Bot,Bot,0.9950676289845707,0.0,0.0,0.004932371015429365,0.0
488,Normal,Normal,0.0,0.0,0.0,1.0,0.0
489,Bot,Bot,0.9783171240800708,0.0,0.0002922852924959178,0.021390590627433342,0.0
490,Normal,Normal,0.0,0.0009299974732860267,0.0,0.999070002526714,0.0
491,Brute Force,Brute Force,0.0,1.0,0.0,0.0,0.0
492,DoS/DDoS,DoS/DDoS,0.0,0.0,1.0,0.0,0.0
493,Web Attack,Web Attack,0.0,0.01481750352188129,1.0059185184333386e-05,0.001646007265368226,0.9835264300275661
494,DoS/DDoS,DoS/DDoS,0.0,7.968160679815455e-05,0.9932919036904988,0.0021510747384646534,0.004477339964238345
495,Brute Force,Web Attack,0.0,0.012749144784836276,9.518474772682732e-06,0.0015215237476463184,0.9857198129927447
496,Bot,Bot,0.9998411838953389,0.0,0.0,0.00015881610466105873,0.0
497,DoS/DDoS,DoS/DDoS,0.0,0.0,1.0,0.0,0.0
498,Brute Force,Brute Force,0.0,1.0,0.0,0.0,0.0
499,Bot,Bot,0.9995461872381084,0.0,0.0,0.00045381276189152513,0.0
500,Normal,Normal,0.0,0.0,0.0,1.0,0.0
501,Brute Force,Brute Force,0.0,1.0,0.0,0.0,0.0
502,Web Attack,Web Attack,0.0,0.01530544706889387,9.672800974551869e-06,0.00102376188474217,0.9836611182453894
503,Web Attack,Web Attack,0.0,0.1625169070176762,3.9689882016185924e-05,0.02118588339250092,0.8162575197078066
504,Normal,Normal,0.0,0.0,0.0,1.0,0.0
